fortis	0.778391033333333	0.221608966666667	250000.5
scandens	0.551397451612903	0.448602548387097	250000.5
fortis	0.81750785	0.18249215	750000.5
scandens	0.269196741935484	0.730803258064516	750000.5
fortis	0.8888195	0.1111805	1250000.5
scandens	0.342103483870968	0.657896516129032	1250000.5
fortis	0.7632098	0.2367902	1750000.5
scandens	0.216643387096774	0.783356612903226	1750000.5
fortis	0.953129833333333	0.0468701666666667	2250000.5
scandens	0.690587290322581	0.309412709677419	2250000.5
fortis	0.948838033333333	0.0511619666666667	2750000.5
scandens	0.732150870967742	0.267849129032258	2750000.5
fortis	0.414752416666667	0.585247583333333	3250000.5
scandens	0.0519561935483871	0.948043806451613	3250000.5
fortis	0.429489966666667	0.570510033333333	3750000.5
scandens	0.145893322580645	0.854106677419355	3750000.5
fortis	0.709720933333333	0.290279066666667	4250000.5
scandens	0.289371419354839	0.710628580645161	4250000.5
fortis	0.891368016666667	0.108631983333333	4750000.5
scandens	0.421964	0.578036	4750000.5
fortis	0.59852995	0.40147005	5250000.5
scandens	0.202097870967742	0.797902129032258	5250000.5
fortis	0.71517655	0.28482345	5750000.5
scandens	0.265350774193548	0.734649225806452	5750000.5
fortis	0.576904883333333	0.423095116666667	6250000.5
scandens	0.178299258064516	0.821700741935484	6250000.5
fortis	0.7264952	0.2735048	6750000.5
scandens	0.221653774193548	0.778346225806452	6750000.5
fortis	0.671947733333333	0.328052266666667	7250000.5
scandens	0.189701	0.810299	7250000.5
fortis	0.75514925	0.24485075	7750000.5
scandens	0.31993035483871	0.68006964516129	7750000.5
fortis	0.579251066666667	0.420748933333333	8250000.5
scandens	0.199890709677419	0.800109290322581	8250000.5
fortis	0.593827683333333	0.406172316666667	8750000.5
scandens	0.249007612903226	0.750992387096774	8750000.5
fortis	0.958057166666667	0.0419428333333333	9250000.5
scandens	0.710872483870968	0.289127516129032	9250000.5
fortis	0.866318316666667	0.133681683333333	9750000.5
scandens	0.428665387096774	0.571334612903226	9750000.5
fortis	0.847269533333333	0.152730466666667	10250000.5
scandens	0.406431032258065	0.593568967741935	10250000.5
fortis	0.713541516666667	0.286458483333333	10750000.5
scandens	0.227148032258065	0.772851967741935	10750000.5
fortis	0.783815516666667	0.216184483333333	11250000.5
scandens	0.247471548387097	0.752528451612903	11250000.5
fortis	0.88988355	0.11011645	11750000.5
scandens	0.319984129032258	0.680015870967742	11750000.5
fortis	0.8937803	0.1062197	12250000.5
scandens	0.326202225806452	0.673797774193548	12250000.5
fortis	0.809240066666667	0.190759933333333	12750000.5
scandens	0.373156322580645	0.626843677419355	12750000.5
fortis	0.943933016666667	0.0560669833333333	13250000.5
scandens	0.362769290322581	0.637230709677419	13250000.5
fortis	0.898357516666667	0.101642483333333	13750000.5
scandens	0.468094419354839	0.531905580645161	13750000.5
fortis	0.871446133333333	0.128553866666667	14250000.5
scandens	0.451824677419355	0.548175322580645	14250000.5
fortis	0.8853635	0.1146365	14750000.5
scandens	0.402470516129032	0.597529483870968	14750000.5
fortis	0.88459765	0.11540235	15250000.5
scandens	0.292469193548387	0.707530806451613	15250000.5
fortis	0.859318516666667	0.140681483333333	15750000.5
scandens	0.211920903225806	0.788079096774194	15750000.5
fortis	0.849419833333333	0.150580166666667	16250000.5
scandens	0.297760677419355	0.702239322580645	16250000.5
fortis	0.700946933333333	0.299053066666667	16750000.5
scandens	0.298844064516129	0.701155935483871	16750000.5
fortis	0.591911616666667	0.408088383333333	17250000.5
scandens	0.154844387096774	0.845155612903226	17250000.5
fortis	0.7901906	0.2098094	17750000.5
scandens	0.296102225806452	0.703897774193548	17750000.5
fortis	0.606604066666667	0.393395933333333	18250000.5
scandens	0.155393258064516	0.844606741935484	18250000.5
fortis	0.77546955	0.22453045	18750000.5
scandens	0.379265516129032	0.620734483870968	18750000.5
fortis	0.802521383333333	0.197478616666667	19250000.5
scandens	0.226651967741935	0.773348032258064	19250000.5
fortis	0.84972155	0.15027845	19750000.5
scandens	0.366695548387097	0.633304451612903	19750000.5
fortis	0.844878366666667	0.155121633333333	20250000.5
scandens	0.323195419354839	0.676804580645161	20250000.5
fortis	0.801567083333333	0.198432916666667	20750000.5
scandens	0.297010322580645	0.702989677419355	20750000.5
fortis	0.889778816666667	0.110221183333333	21250000.5
scandens	0.378096612903226	0.621903387096774	21250000.5
fortis	0.870533633333333	0.129466366666667	21750000.5
scandens	0.484853258064516	0.515146741935484	21750000.5
fortis	0.82200875	0.17799125	22250000.5
scandens	0.287014806451613	0.712985193548387	22250000.5
fortis	0.83898015	0.16101985	22750000.5
scandens	0.243719774193548	0.756280225806452	22750000.5
fortis	0.783893383333333	0.216106616666667	23250000.5
scandens	0.249610032258065	0.750389967741935	23250000.5
fortis	0.787990366666667	0.212009633333333	23750000.5
scandens	0.414822612903226	0.585177387096774	23750000.5
fortis	0.751885516666667	0.248114483333333	24250000.5
scandens	0.219591741935484	0.780408258064516	24250000.5
fortis	0.8569504	0.1430496	24750000.5
scandens	0.61008064516129	0.38991935483871	24750000.5
fortis	0.8361841	0.1638159	25250000.5
scandens	0.357447548387097	0.642552451612903	25250000.5
fortis	0.815070116666667	0.184929883333333	25750000.5
scandens	0.240432	0.759568	25750000.5
fortis	0.80880965	0.19119035	26250000.5
scandens	0.263764677419355	0.736235322580645	26250000.5
fortis	0.764101483333333	0.235898516666667	26750000.5
scandens	0.241300032258065	0.758699967741935	26750000.5
fortis	0.726585433333333	0.273414566666667	27250000.5
scandens	0.259236064516129	0.740763935483871	27250000.5
fortis	0.859695766666667	0.140304233333333	27750000.5
scandens	0.264586612903226	0.735413387096774	27750000.5
fortis	0.853155066666667	0.146844933333333	28250000.5
scandens	0.337352677419355	0.662647322580645	28250000.5
fortis	0.716302883333333	0.283697116666667	28750000.5
scandens	0.299613548387097	0.700386451612903	28750000.5
fortis	0.733933666666667	0.266066333333333	29250000.5
scandens	0.297975	0.702025	29250000.5
fortis	0.774189033333333	0.225810966666667	29750000.5
scandens	0.34255235483871	0.65744764516129	29750000.5
fortis	0.714388533333333	0.285611466666667	30250000.5
scandens	0.217874096774194	0.782125903225806	30250000.5
fortis	0.7912897	0.2087103	30750000.5
scandens	0.275180967741935	0.724819032258065	30750000.5
fortis	0.792078483333333	0.207921516666667	31250000.5
scandens	0.250198161290323	0.749801838709677	31250000.5
fortis	0.774653116666667	0.225346883333333	31750000.5
scandens	0.197915774193548	0.802084225806452	31750000.5
fortis	0.665037683333333	0.334962316666667	32250000.5
scandens	0.214295387096774	0.785704612903226	32250000.5
fortis	0.5306524	0.4693476	32750000.5
scandens	0.165067451612903	0.834932548387097	32750000.5
fortis	0.822654933333333	0.177345066666667	33250000.5
scandens	0.195947870967742	0.804052129032258	33250000.5
fortis	0.730157116666667	0.269842883333333	33750000.5
scandens	0.228320419354839	0.771679580645161	33750000.5
fortis	0.805684016666667	0.194315983333333	34250000.5
scandens	0.243292483870968	0.756707516129032	34250000.5
fortis	0.789949716666667	0.210050283333333	34750000.5
scandens	0.256284677419355	0.743715322580645	34750000.5
fortis	0.606468916666667	0.393531083333333	35250000.5
scandens	0.228296193548387	0.771703806451613	35250000.5
fortis	0.704028683333333	0.295971316666667	35750000.5
scandens	0.254964161290323	0.745035838709677	35750000.5
fortis	0.690503483333333	0.309496516666667	36250000.5
scandens	0.236061548387097	0.763938451612903	36250000.5
fortis	0.6937077	0.3062923	36750000.5
scandens	0.290242612903226	0.709757387096774	36750000.5
fortis	0.716840483333333	0.283159516666667	37250000.5
scandens	0.246837064516129	0.753162935483871	37250000.5
fortis	0.7102616	0.2897384	37750000.5
scandens	0.240052806451613	0.759947193548387	37750000.5
fortis	0.779867883333333	0.220132116666667	38250000.5
scandens	0.241941709677419	0.758058290322581	38250000.5
fortis	0.62936555	0.37063445	38750000.5
scandens	0.271131096774194	0.728868903225806	38750000.5
fortis	0.721569466666667	0.278430533333333	39250000.5
scandens	0.157538064516129	0.842461935483871	39250000.5
fortis	0.7156386	0.2843614	39750000.5
scandens	0.195558967741935	0.804441032258065	39750000.5
fortis	0.737685066666667	0.262314933333333	40250000.5
scandens	0.145401419354839	0.854598580645161	40250000.5
fortis	0.611051666666667	0.388948333333333	40750000.5
scandens	0.116997129032258	0.883002870967742	40750000.5
fortis	0.56831135	0.43168865	41250000.5
scandens	0.11554764516129	0.88445235483871	41250000.5
fortis	0.642967166666667	0.357032833333333	41750000.5
scandens	0.115366516129032	0.884633483870968	41750000.5
fortis	0.6647272	0.3352728	42250000.5
scandens	0.195085322580645	0.804914677419355	42250000.5
fortis	0.740412416666667	0.259587583333333	42750000.5
scandens	0.185043419354839	0.814956580645161	42750000.5
fortis	0.741631116666667	0.258368883333333	43250000.5
scandens	0.202273548387097	0.797726451612903	43250000.5
fortis	0.71348065	0.28651935	43750000.5
scandens	0.202244225806452	0.797755774193548	43750000.5
fortis	0.6840675	0.3159325	44250000.5
scandens	0.23846035483871	0.76153964516129	44250000.5
fortis	0.8202131	0.1797869	44750000.5
scandens	0.208451903225806	0.791548096774194	44750000.5
fortis	0.799225266666667	0.200774733333333	45250000.5
scandens	0.249897290322581	0.750102709677419	45250000.5
fortis	0.896103233333333	0.103896766666667	45750000.5
scandens	0.503796935483871	0.496203064516129	45750000.5
fortis	0.8692149	0.1307851	46250000.5
scandens	0.280357548387097	0.719642451612903	46250000.5
fortis	0.855306133333333	0.144693866666667	46750000.5
scandens	0.549542967741935	0.450457032258064	46750000.5
fortis	0.874808266666667	0.125191733333333	47250000.5
scandens	0.418294774193548	0.581705225806452	47250000.5
fortis	0.792447683333333	0.207552316666667	47750000.5
scandens	0.192486903225806	0.807513096774194	47750000.5
fortis	0.823138816666667	0.176861183333333	48250000.5
scandens	0.271328193548387	0.728671806451613	48250000.5
fortis	0.6687237	0.3312763	48750000.5
scandens	0.295322774193548	0.704677225806452	48750000.5
fortis	0.782383116666667	0.217616883333333	49250000.5
scandens	0.230023483870968	0.769976516129032	49250000.5
fortis	0.8416913	0.1583087	49750000.5
scandens	0.326299516129032	0.673700483870968	49750000.5
fortis	0.773175766666667	0.226824233333333	50250000.5
scandens	0.261396806451613	0.738603193548387	50250000.5
fortis	0.717814583333333	0.282185416666667	50750000.5
scandens	0.295842064516129	0.704157935483871	50750000.5
fortis	0.637597066666667	0.362402933333333	51250000.5
scandens	0.308525129032258	0.691474870967742	51250000.5
fortis	0.8048384	0.1951616	51750000.5
scandens	0.248384838709677	0.751615161290323	51750000.5
fortis	0.898069966666667	0.101930033333333	52250000.5
scandens	0.600521612903226	0.399478387096774	52250000.5
fortis	0.848506783333333	0.151493216666667	52750000.5
scandens	0.533113838709677	0.466886161290323	52750000.5
fortis	0.752483383333333	0.247516616666667	53250000.5
scandens	0.331217387096774	0.668782612903226	53250000.5
fortis	0.55886575	0.44113425	53750000.5
scandens	0.108187935483871	0.891812064516129	53750000.5
fortis	0.392565033333333	0.607434966666667	54250000.5
scandens	0.0991197096774194	0.900880290322581	54250000.5
fortis	0.75466275	0.24533725	54750000.5
scandens	0.275527451612903	0.724472548387097	54750000.5
fortis	0.918988666666667	0.0810113333333333	55250000.5
scandens	0.371502903225806	0.628497096774194	55250000.5
fortis	0.884167083333333	0.115832916666667	55750000.5
scandens	0.302282419354839	0.697717580645161	55750000.5
fortis	0.92727235	0.07272765	56250000.5
scandens	0.387870419354839	0.612129580645161	56250000.5
fortis	0.730257266666667	0.269742733333333	56750000.5
scandens	0.149780838709677	0.850219161290323	56750000.5
fortis	0.795406633333333	0.204593366666667	57250000.5
scandens	0.295938709677419	0.704061290322581	57250000.5
fortis	0.737591166666667	0.262408833333333	57750000.5
scandens	0.214821483870968	0.785178516129032	57750000.5
fortis	0.843268133333333	0.156731866666667	58250000.5
scandens	0.286002580645161	0.713997419354839	58250000.5
fortis	0.829482266666667	0.170517733333333	58750000.5
scandens	0.342979580645161	0.657020419354839	58750000.5
fortis	0.646988533333333	0.353011466666667	59250000.5
scandens	0.444521580645161	0.555478419354839	59250000.5
fortis	0.8284938	0.1715062	59750000.5
scandens	0.213358967741935	0.786641032258064	59750000.5
fortis	0.79091455	0.20908545	60250000.5
scandens	0.25532364516129	0.74467635483871	60250000.5
fortis	0.68262905	0.31737095	60750000.5
scandens	0.225886419354839	0.774113580645161	60750000.5
fortis	0.754881133333333	0.245118866666667	61250000.5
scandens	0.262660677419355	0.737339322580645	61250000.5
fortis	0.751115516666667	0.248884483333333	61750000.5
scandens	0.251687548387097	0.748312451612903	61750000.5
fortis	0.899980933333333	0.100019066666667	62250000.5
scandens	0.343308709677419	0.656691290322581	62250000.5
fortis	0.705174233333333	0.294825766666667	62750000.5
scandens	0.314484483870968	0.685515516129032	62750000.5
fortis	0.8748382	0.1251618	63250000.5
scandens	0.345450387096774	0.654549612903226	63250000.5
fortis	0.86519385	0.13480615	63750000.5
scandens	0.25458464516129	0.74541535483871	63750000.5
fortis	0.866215583333333	0.133784416666667	64250000.5
scandens	0.247013290322581	0.752986709677419	64250000.5
fortis	0.443381616666667	0.556618383333333	64750000.5
scandens	0.216187838709677	0.783812161290323	64750000.5
fortis	0.773779616666667	0.226220383333333	65250000.5
scandens	0.423234	0.576766	65250000.5
fortis	0.5582453	0.4417547	65750000.5
scandens	0.215471870967742	0.784528129032258	65750000.5
fortis	0.46507635	0.53492365	66250000.5
scandens	0.517612451612903	0.482387548387097	66250000.5
fortis	0.692723916666667	0.307276083333333	66750000.5
scandens	0.327485580645161	0.672514419354839	66750000.5
fortis	0.7761999	0.2238001	67250000.5
scandens	0.458116548387097	0.541883451612903	67250000.5
fortis	0.762717766666667	0.237282233333333	67750000.5
scandens	0.515946129032258	0.484053870967742	67750000.5
fortis	0.6572112	0.3427888	68250000.5
scandens	0.178210483870968	0.821789516129032	68250000.5
fortis	0.579589366666667	0.420410633333333	68750000.5
scandens	0.157514419354839	0.842485580645161	68750000.5
fortis	0.59193965	0.40806035	69250000.5
scandens	0.154041516129032	0.845958483870968	69250000.5
fortis	0.90009765	0.09990235	69750000.5
scandens	0.519584387096774	0.480415612903226	69750000.5
fortis	0.87570695	0.12429305	70250000.5
scandens	0.229447064516129	0.770552935483871	70250000.5
fortis	0.895511583333333	0.104488416666667	70750000.5
scandens	0.499086322580645	0.500913677419355	70750000.5
fortis	0.914715733333333	0.0852842666666667	71250000.5
scandens	0.525177032258065	0.474822967741935	71250000.5
fortis	0.871428233333333	0.128571766666667	71750000.5
scandens	0.638232548387097	0.361767451612903	71750000.5
